Rk,FG%,2PA 
1,.560,73 
2,.429,166 
3,.439,665 
4,.500,2 
5,.550,80 
5,.535,43 
5,.568,37 
6,.484,1304 
7,.454,453 
8,.449,319 
9,.445,614 
10,.475,455 
11,.395,81 
11,.368,38 
11,.000,1 
11,.429,42 
12,.577,120 
13,.383,331 
14,.413,66 
14,.440,14 
14,.406,52 
15,.423,558 
16,.449,1075 
17,.515,68 
18,.417,242 
19,.451,341 
20,.541,613 
21,.350,104 
22,.551,167 
22,.536,125 
22,.595,42 
23,.484,122 
24,.368,56 
25,.430,146 
26,.417,478 
27,.399,303 
28,.439,483 
29,.462,350 
30,.353,51 
30,.351,37 
30,.357,14 
31,.382,244 
32,.486,587 
33,.420,46 
34,.423,389 
35,.419,420 
36,.500,35 
37,.371,82 
38,.410,451 
39,.405,622 
40,.369,104 
41,.395,389 
42,.418,93 
43,.476,21 
44,.402,42 
45,.451,346 
46,.524,270 
47,.422,99 
48,.512,654 
49,.445,490 
50,.380,39 
51,.451,183 
52,.487,110 
53,.491,215 
54,.477,1138 
55,.535,833 
56,.402,352 
57,.473,477 
58,.425,576 
59,.354,122 
59,.366,104 
59,.261,18 
60,.453,182 
60,.459,176 
60,.308,6 
61,.463,280 
62,.459,37 
63,.420,430 
64,.463,1188 
65,.414,110 
66,.420,296 
67,.424,390 
68,.467,407 
69,.469,464 
70,.491,353 
70,.470,214 
70,.527,139 
71,.321,53 
72,.460,254 
73,0.0,0 
74,.435,456 
75,.394,84 
76,.429,228 
77,.638,400 
78,.462,329 
79,.286,18 
80,.440,282 
81,.392,102 
82,.421,327 
83,.310,29 
83,.348,23 
83,.167,6 
84,.471,588 
85,.595,292 
86,.440,647 
87,.000,6 
88,.305,76 
88,.356,29 
88,.278,47 
89,.479,240 
90,.465,1014 
91,.438,620 
92,.415,479 
92,.415,337 
92,.415,142 
93,.384,175 
94,.468,665 
95,.429,11 
96,.500,8 
97,.451,788 
98,.542,252 
99,.376,279 
100,.516,670 
101,.539,482 
101,.549,339 
101,.517,143 
102,.448,476 
103,.433,110 
103,.443,57 
103,.423,53 
104,.436,159 
105,.405,199 
106,.426,860 
107,.000,2 
108,.445,1111 
109,.539,254 
110,.296,26 
111,.476,9 
112,.403,250 
112,.395,190 
112,.430,60 
113,.357,10 
114,.443,630 
115,.608,340 
116,.468,398 
117,.382,32 
118,.502,969 
119,.442,325 
120,.510,1099 
121,.329,51 
122,.427,289 
122,.407,102 
122,.439,187 
123,.416,1108 
124,.375,62 
125,.614,43 
126,.479,261 
127,.478,632 
128,.438,169 
129,.552,689 
130,.482,563 
131,.427,624 
132,.457,209 
133,.342,81 
133,.354,42 
133,.333,39 
134,.493,98 
135,.397,304 
136,.421,253 
137,.408,142 
138,.418,509 
139,.393,121 
139,.376,96 
139,.432,25 
140,.496,834 
141,.327,34 
142,.494,855 
143,.466,551 
144,.416,993 
144,.408,559 
144,.425,434 
145,.410,525 
146,.518,87 
147,.419,707 
148,.340,84 
149,.485,437 
150,.425,304 
151,.328,56 
152,.408,468 
153,.402,411 
154,.521,563 
155,.000,2 
156,.286,25 
157,.533,90 
158,.448,250 
159,.327,190 
160,.366,236 
161,.467,624 
162,.461,220 
163,.538,1044 
164,.427,82 
164,.333,21 
164,.459,61 
165,.418,128 
166,.429,423 
167,.333,22 
168,.432,404 
169,.438,851 
170,.461,447 
171,.444,4 
172,.351,27 
173,.438,213 
174,.148,19 
174,.250,7 
174,.105,12 
175,.455,404 
175,.461,94 
175,.453,310 
176,.514,251 
177,.464,724 
178,.442,189 
179,.435,527 
180,.200,6 
181,.431,215 
182,.447,755 
183,.410,150 
184,.482,333 
185,.448,855 
186,.562,742 
187,.316,14 
188,.480,593 
189,.443,518 
190,.388,87 
191,.497,153 
192,.377,240 
193,.431,1041 
194,.333,32 
195,.614,114 
196,.273,9 
197,.543,1054 
198,.578,807 
199,.403,61 
200,.526,19 
201,.448,308 
202,.573,721 
203,.451,592 
204,.462,589 
205,.452,791 
206,.431,56 
207,.452,654 
208,.458,221 
209,.373,160 
210,.515,101 
211,0.0,0 
212,.565,1100 
213,.373,146 
214,.464,342 
215,.494,1219 
216,.456,91 
217,.296,52 
218,.405,119 
218,.422,81 
218,.368,38 
219,.446,156 
220,.399,786 
221,.449,233 
222,.554,593 
223,.640,75 
224,.440,7 
225,.520,343 
226,.413,262 
227,.423,657 
228,.400,86 
229,.407,241 
230,.000,3 
231,.369,173 
231,.357,103 
231,.390,70 
232,.436,183 
233,.367,100 
234,.344,8 
235,.402,107 
236,.394,97 
237,.000,1 
238,.457,75 
239,.643,488 
240,.464,89 
241,.143,11 
241,.182,9 
241,.000,2 
242,.507,616 
243,.544,378 
244,.372,84 
245,.458,604 
246,.507,440 
247,.333,78 
248,.407,551 
249,.461,187 
250,.581,507 
251,.717,46 
252,.368,126 
252,.347,79 
252,.397,47 
253,.353,38 
254,.540,599 
255,.461,739 
256,.464,374 
257,.519,1156 
258,.382,52 
259,.494,352 
260,.545,270 
261,.481,49 
261,.357,25 
261,.625,24 
262,.414,118 
263,.447,28 
264,.429,785 
265,.441,640 
266,.480,342 
266,.364,63 
266,.507,279 
267,.521,1093 
268,.534,719 
269,.352,206 
270,.401,344 
271,.386,183 
272,.500,5 
273,.460,77 
273,.400,27 
273,.500,1 
273,.488,49 
274,.355,55 
275,.453,327 
276,.514,617 
277,.371,78 
278,.381,106 
279,.602,93 
280,.450,407 
281,.433,146 
282,.436,383 
283,.446,457 
284,.377,185 
284,.313,69 
284,.422,116 
285,.449,677 
286,.401,340 
287,.575,526 
288,.429,56 
288,.469,32 
288,.429,21 
288,.000,3 
289,.455,259 
289,.392,98 
289,.505,161 
290,.387,188 
291,.500,6 
292,.440,96 
293,.415,286 
294,.000,1 
295,.479,568 
296,.407,52 
297,.433,56 
298,.333,11 
299,.469,111 
300,.490,836 
301,.367,178 
302,.486,1054 
303,.396,401 
304,.388,122 
305,.422,293 
305,.428,206 
305,.405,87 
306,.407,519 
307,.441,102 
307,.423,73 
307,.500,29 
308,.455,130 
309,.582,134 
310,.506,85 
311,.385,355 
312,.250,23 
313,.361,26 
314,.497,345 
315,.412,346 
316,.392,425 
317,.527,486 
318,.481,625 
319,.414,79 
320,.471,571 
321,.482,371 
322,.513,196 
323,.399,276 
324,.333,3 
325,.477,687 
326,.462,26 
327,.418,127 
328,.473,238 
329,.368,96 
329,.250,12 
329,.342,18 
329,.401,66 
330,.396,176 
330,.401,130 
330,.381,46 
331,.522,927 
332,.486,544 
333,.512,491 
333,.519,359 
333,.494,132 
334,.481,624 
335,.353,59 
336,.520,741 
337,.457,312 
338,.436,106 
339,.436,710 
340,.347,34 
341,.364,11 
341,.600,5 
341,.167,6 
342,.238,21 
343,.428,147 
344,.390,213 
345,.325,81 
346,.455,86 
347,.438,726 
347,.444,431 
347,.429,295 
348,.250,4 
349,.250,11 
350,.302,16 
351,.491,106 
352,.583,48 
353,.460,1001 
354,.434,429 
354,.450,282 
354,.403,147 
355,.402,169 
356,.091,7 
357,.453,599 
358,.372,304 
359,.417,358 
360,.433,573 
361,.430,320 
361,.424,243 
361,.449,77 
362,.484,415 
363,.407,261 
364,.314,26 
365,.360,422 
366,.667,7 
367,.375,48 
368,.399,345 
369,.367,59 
370,.506,603 
371,.472,899 
372,.476,146 
373,.481,208 
374,.273,16 
375,.461,716 
376,.408,569 
377,.435,21 
378,.396,148 
379,.372,347 
380,.667,3 
381,.428,442 
382,.382,205 
383,.346,59 
383,.346,59 
383,0.0,0 
384,.620,273 
385,.352,132 
385,.336,99 
385,.395,33 
386,.422,813 
387,.490,337 
388,.465,981 
389,.368,86 
390,.445,574 
390,.429,242 
390,.457,332 
391,.560,561 
392,.384,83 
393,.460,410 
394,.374,53 
395,.457,278 
396,1.000,2 
397,.577,267 
398,.406,566 
399,.493,220 
400,.250,4 
401,.431,245 
402,.368,74 
403,.451,726 
404,.381,90 
405,.384,77 
406,.362,159 
406,.381,134 
406,.290,25 
407,.407,178 
408,.434,317 
409,.604,106 
410,.440,511 
411,.542,82 
412,.500,106 
413,.500,10 
413,.000,1 
413,.556,9 
414,.353,128 
415,.502,742 
416,.422,679 
417,.488,796 
418,.429,395 
419,.368,107 
420,.380,83 
421,.473,374 
422,.505,97 
423,.264,29 
424,.419,894 
425,.375,24 
425,.375,24 
425,0.0,0 
426,.435,268 
427,.441,374 
427,.475,189 
427,.408,185 
428,.557,366 
429,.478,284 
430,.429,7 
430,.500,4 
430,.333,3 
431,.433,769 
432,.500,113 
433,.377,205 
434,.519,886 
435,.521,1027 
436,.412,612 
437,.423,912 
438,.441,690 
439,.397,295 
440,.387,73 
441,.392,114 
442,.406,162 
442,.500,2 
442,.405,160 
443,.418,245 
444,.308,92 
445,.295,57 
445,.264,47 
445,.438,10 
446,.442,307 
447,.498,990 
448,.438,1235 
449,.522,23 
450,.431,75 
451,.719,152 
452,.459,265 
453,.440,677 
454,.430,590 
455,.422,247 
456,.423,304 
457,.430,379 
458,.432,60 
459,.495,82 
460,.403,412 
461,.597,401 
462,.500,2 
463,.396,238 
464,.384,70 
465,.413,332 
466,.392,96 
467,.531,950 
468,.346,21 
Rk,FG%,2PA 
1,.468,126 
1,.429,9 
1,.472,117 
2,.503,185 
3,.520,275 
3,.550,40 
3,.515,235 
4,.459,711 
5,.546,248 
6,.541,61 
7,.458,1408 
8,.447,287 
8,.440,253 
8,.500,34 
9,.442,234 
10,.494,366 
11,.474,446 
12,.500,32 
12,.500,32 
12,0.0,0 
13,.644,263 
14,.400,237 
15,.431,366 
16,.438,190 
17,.414,300 
18,.452,1228 
19,.375,32 
19,.333,6 
19,.385,26 
20,.418,123 
21,.456,411 
22,.474,19 
23,.395,346 
24,.532,190 
25,.415,386 
25,.292,13 
25,.419,373 
26,.510,102 
27,.580,174 
28,.267,3 
29,.390,59 
30,.427,106 
31,.387,425 
32,.442,394 
33,.399,489 
34,.438,244 
35,.417,123 
36,.486,719 
37,.382,65 
38,.465,417 
39,.402,405 
39,.377,156 
39,.418,249 
40,.436,163 
41,.429,215 
41,.371,58 
41,.451,157 
42,.419,806 
43,.499,301 
44,.485,402 
45,.356,172 
46,.414,226 
47,1.000,1 
48,.304,31 
49,.611,144 
50,.534,391 
51,.377,143 
51,.378,102 
51,.375,41 
52,.476,620 
53,.477,416 
54,.500,3 
55,.500,0 
56,.627,375 
57,.445,66 
58,.551,401 
59,.456,978 
60,.516,735 
61,.438,625 
62,.539,330 
63,.481,596 
64,.200,7 
64,.200,7 
64,0.0,0 
65,.401,333 
65,.395,131 
65,.406,202 
66,.456,100 
66,.375,20 
66,.385,11 
66,.489,69 
67,.302,56 
68,.364,64 
68,.286,26 
68,.421,38 
69,.425,57 
70,.394,134 
71,.355,48 
72,.380,561 
73,.457,688 
74,.394,291 
74,.387,207 
74,.409,84 
75,.397,453 
76,.464,48 
77,.313,31 
78,.418,225 
78,.419,203 
78,.409,22 
79,.428,368 
80,.457,250 
81,.456,323 
82,.396,275 
83,.356,32 
84,.470,374 
85,.407,440 
86,.405,846 
87,.422,234 
88,.454,334 
89,.593,321 
90,.416,387 
91,0.0,0 
92,.355,31 
93,.372,139 
93,.375,124 
93,.333,15 
94,.388,36 
95,.405,24 
96,.414,326 
97,.458,21 
98,.467,505 
99,.556,224 
100,.450,739 
101,.470,38 
102,.496,1184 
103,.429,3 
104,.364,19 
105,.416,565 
106,.415,503 
106,.413,298 
106,.417,205 
107,.439,145 
108,.464,504 
109,.286,14 
109,.500,1 
109,.263,13 
110,.333,2 
110,0.0,0 
110,.333,2 
111,.471,768 
112,.568,376 
113,.484,6 
114,.351,58 
115,.422,118 
116,.519,996 
117,.534,290 
118,.457,582 
118,.453,502 
118,.481,80 
119,.353,31 
119,.231,5 
119,.382,26 
120,.418,100 
120,.452,62 
120,.367,38 
121,.458,83 
121,.000,1 
121,.517,29 
121,.434,53 
122,.412,141 
123,.431,671 
123,.452,292 
123,.417,379 
124,.429,1197 
125,.521,468 
126,.498,226 
127,.384,88 
127,.372,27 
127,.394,61 
128,.440,120 
129,.505,794 
130,.623,767 
131,.438,222 
132,.490,901 
133,.430,450 
134,.503,1197 
135,.333,3 
136,.437,67 
137,.451,1069 
138,.500,6 
139,.527,330 
140,.473,150 
140,.390,59 
140,.527,91 
141,.436,802 
142,.545,817 
143,.415,204 
144,.435,107 
145,.522,746 
146,.500,9 
147,.395,413 
148,.403,62 
149,.391,132 
150,.419,307 
151,.413,377 
152,.410,28 
153,.471,143 
153,.475,125 
153,.448,18 
154,.475,160 
155,.432,346 
156,.401,101 
157,.441,353 
158,.381,169 
159,.473,700 
160,.480,871 
161,.455,982 
161,.388,276 
161,.482,706 
162,.415,178 
163,.424,862 
164,.479,889 
165,.469,369 
166,.486,74 
167,.375,6 
168,.531,126 
169,.455,131 
170,.343,79 
171,.436,559 
172,.542,839 
173,.378,179 
173,.359,129 
173,.429,50 
174,.443,60 
174,.667,3 
174,.431,57 
175,.432,187 
176,.407,294 
177,.445,496 
178,.412,775 
179,.376,150 
180,.528,1315 
181,.463,42 
182,.391,178 
182,.390,125 
182,.393,53 
183,.450,11 
183,0.0,0 
183,.450,11 
184,.474,194 
185,.428,329 
186,.456,722 
187,.464,329 
188,.463,51 
189,.396,107 
190,.378,153 
191,.000,1 
192,.400,50 
193,.475,59 
194,.464,590 
195,.507,146 
196,.456,575 
196,.451,383 
196,.468,192 
197,.431,129 
197,.438,32 
197,.429,97 
198,.413,752 
199,.433,815 
200,.417,264 
201,.538,638 
202,.439,749 
203,.508,646 
204,.503,589 
205,.442,356 
206,.549,520 
207,.425,17 
208,.393,377 
209,.447,377 
210,.736,72 
211,.000,2 
212,.567,409 
213,.591,793 
214,.379,88 
215,.501,459 
216,.536,918 
217,.480,283 
218,.409,448 
219,.430,893 
220,.000,1 
221,.410,513 
222,.440,671 
223,.231,12 
224,.478,22 
225,.222,7 
226,.567,1047 
227,.238,16 
228,.315,51 
229,.500,4 
229,.600,4 
229,.000,0 
230,.509,1361 
231,.450,353 
232,.381,24 
233,.373,678 
234,.471,134 
235,.562,546 
236,.397,87 
237,.464,221 
238,.454,614 
239,.319,66 
239,.344,55 
239,.176,11 
240,.425,380 
241,.000,4 
242,.456,14 
243,.459,120 
244,.353,17 
245,.542,611 
246,.676,515 
247,.475,227 
248,.509,343 
249,.491,852 
250,.343,16 
251,.423,229 
252,.473,344 
253,.513,155 
254,.422,754 
255,.475,217 
256,.495,459 
257,.533,15 
258,.385,13 
259,.394,70 
260,.432,362 
261,.517,60 
262,.380,99 
263,.431,604 
264,.353,9 
265,.480,420 
265,.492,131 
265,.476,289 
266,.523,980 
267,.423,78 
268,.522,463 
269,.451,85 
270,.492,197 
271,.415,102 
272,1.000,1 
273,.424,750 
274,.446,433 
275,.483,481 
276,.563,228 
277,.551,643 
278,.457,916 
279,.423,580 
280,.326,106 
281,.417,317 
282,.481,188 
283,.482,546 
284,.406,241 
285,.420,113 
285,.414,110 
285,.625,3 
286,.512,122 
287,.430,726 
288,.373,19 
289,.441,498 
290,.448,105 
291,.317,64 
291,.292,47 
291,.379,17 
292,.407,323 
293,.451,176 
293,.469,29 
293,.447,147 
294,.377,241 
295,.416,98 
296,.447,38 
297,.376,382 
298,.436,275 
299,.463,488 
300,.349,66 
301,.440,564 
302,.435,198 
303,.459,210 
303,.458,126 
303,.460,84 
304,.440,89 
305,.481,210 
306,.367,162 
307,.464,348 
308,.461,835 
309,.600,4 
310,.417,11 
311,.429,126 
312,.497,1014 
313,.428,295 
314,.406,58 
314,.433,43 
314,.308,6 
314,.375,9 
315,.442,391 
316,.486,737 
317,.458,325 
318,.443,212 
319,.421,38 
320,.523,521 
321,.460,113 
322,.442,76 
322,.406,25 
322,.465,51 
323,.231,10 
324,.434,117 
325,.425,70 
326,.333,9 
327,.383,70 
328,.410,291 
328,.390,166 
328,.438,125 
329,.205,21 
330,.394,356 
331,.429,331 
332,.475,798 
333,.411,24 
334,.497,944 
335,.326,21 
335,.333,8 
335,.321,13 
336,.504,248 
337,.501,368 
338,.551,49 
339,.419,710 
340,.466,388 
341,.200,5 
341,.250,4 
341,.000,1 
342,.447,47 
343,.399,209 
344,.427,348 
345,.441,58 
346,.499,847 
347,.472,636 
348,.460,338 
348,.410,83 
348,.477,255 
349,.467,658 
350,.541,701 
351,.451,192 
352,.451,412 
353,.000,1 
354,.659,299 
355,.517,553 
356,.392,45 
357,.363,70 
358,.333,6 
359,.308,147 
360,.413,24 
361,.304,49 
362,.461,51 
363,.407,423 
364,.540,126 
365,.386,115 
366,.500,14 
367,.467,1178 
368,.455,213 
369,.297,20 
370,.385,219 
370,.384,151 
370,.389,68 
371,.405,375 
372,.485,55 
373,.420,403 
374,.428,229 
375,.481,292 
376,.403,260 
377,.354,117 
378,.423,343 
379,.381,537 
380,.333,43 
381,.477,300 
382,.363,250 
382,.350,75 
382,.368,175 
383,.469,161 
384,.383,146 
385,.470,553 
386,.479,428 
387,.415,188 
388,.505,220 
389,.429,645 
389,.409,397 
389,.461,248 
390,.000,2 
391,.464,22 
391,.458,18 
391,.500,4 
392,.378,256 
393,.321,135 
394,.474,273 
394,.400,45 
394,.489,228 
395,.447,356 
396,.373,48 
397,.316,32 
398,.376,75 
399,0.0,0 
400,.643,28 
401,.423,258 
402,.415,475 
403,.465,282 
404,.419,968 
405,.384,158 
406,.333,9 
406,.000,2 
406,.417,7 
407,.441,411 
408,.523,343 
409,.429,7 
410,.491,626 
411,.574,121 
412,.412,9 
413,.557,558 
414,.436,765 
415,.427,691 
416,.376,151 
417,.341,79 
418,.438,815 
419,.319,101 
419,.242,56 
419,.415,45 
420,.418,180 
421,.362,112 
422,.362,49 
423,.565,23 
424,.429,9 
424,.333,6 
424,.600,3 
425,.453,732 
426,.222,9 
427,.438,12 
427,.250,4 
427,.500,8 
428,.460,205 
429,.506,496 
430,.444,724 
431,.477,760 
432,.394,323 
432,.381,194 
432,.414,129 
433,.200,5 
434,.420,60 
435,.431,424 
436,.598,107 
437,.385,59 
438,.425,865 
438,.428,699 
438,.411,166 
439,.517,116 
440,.399,143 
441,.438,136 
441,.425,120 
441,.556,16 
442,.531,675 
443,.495,452 
444,.600,60 
444,0.0,0 
444,.600,60 
445,.421,369 
445,.433,100 
445,.417,269 
446,.514,173 
446,.522,92 
446,.506,81 
447,.380,36 
448,.507,696 
449,.400,3 
450,.545,729 
451,.433,743 
452,.393,816 
453,.433,1029 
454,.504,166 
455,.429,21 
456,.437,189 
457,.273,4 
458,.500,2 
459,.433,215 
460,.488,924 
461,.437,577 
462,.000,1 
463,.000,1 
464,.450,448 
465,.427,383 
465,.352,39 
465,.437,344 
466,.415,212 
467,.400,262 
468,.439,292 
469,.417,447 
470,.556,6 
471,.380,63 
472,.535,128 
473,.437,327 
474,.397,87 
475,.677,331 
476,.600,34 
477,.374,95 
478,.427,620 
479,.435,539 
480,.454,991 
481,.426,403 
Rk,FG%,2PA 
1,.459,271 
2,.407,61 
3,.544,397 
4,.432,44 
5,.424,551 
5,.428,414 
5,.414,137 
6,.550,329 
7,.513,73 
8,.478,301 
9,.466,1310 
10,.472,299 
11,.495,426 
12,.412,233 
13,.427,254 
13,.333,12 
13,.432,242 
14,.580,194 
15,.443,230 
16,.348,78 
17,.399,370 
18,.491,736 
19,.444,627 
20,.581,62 
21,.365,123 
22,.402,355 
23,.404,274 
24,.517,412 
25,.399,401 
25,.410,311 
25,.371,90 
26,.579,95 
27,.479,77 
28,.214,14 
29,.474,274 
30,.420,369 
31,.454,320 
32,.482,441 
33,.444,248 
34,.308,35 
35,.425,268 
35,.380,82 
35,.443,186 
36,.504,651 
37,.400,291 
38,.426,396 
39,.566,323 
40,.426,199 
41,.427,592 
42,.434,178 
43,.423,240 
44,0.0,0 
45,.421,274 
46,.383,209 
47,.500,2 
48,.543,186 
49,.575,272 
49,.542,82 
49,.589,190 
50,.456,57 
51,.373,108 
52,.447,774 
53,.300,20 
54,.453,320 
55,.563,355 
56,.409,104 
57,.487,380 
58,.499,743 
59,.460,577 
60,.429,660 
61,.442,94 
62,.426,570 
62,.418,184 
62,.429,386 
63,.421,504 
64,.412,108 
65,.426,94 
66,.362,146 
67,.368,12 
68,.373,529 
69,.433,247 
70,.343,24 
70,.426,15 
70,.063,9 
71,.368,615 
72,.403,232 
73,.407,177 
74,.462,719 
75,.422,282 
76,.450,29 
77,.323,22 
78,.333,9 
79,.421,204 
80,.415,212 
81,.401,528 
82,.386,132 
82,.405,47 
82,.377,85 
83,.483,29 
84,.487,349 
85,.333,174 
86,.396,766 
86,.380,486 
86,.429,280 
87,.489,340 
88,.403,415 
89,.666,440 
90,.429,569 
91,.263,10 
92,.250,8 
93,.367,16 
94,.345,25 
94,.341,19 
94,.364,6 
95,.448,475 
96,.450,9 
97,.412,382 
97,.386,204 
97,.444,178 
98,.473,389 
99,.419,193 
100,.446,605 
101,.409,22 
102,.361,143 
103,.420,49 
104,.467,1058 
105,.396,310 
106,.412,68 
107,.396,475 
108,.420,337 
108,.434,38 
108,.418,299 
109,.457,329 
110,.364,20 
111,.000,2 
112,.487,695 
113,.438,130 
114,.370,47 
114,.319,4 
114,.322,20 
114,.458,23 
115,.483,49 
115,.417,8 
115,.494,41 
116,.401,103 
116,.412,89 
116,.333,14 
117,.535,1187 
118,.601,469 
119,.459,251 
120,.167,0 
121,.355,70 
121,.348,58 
121,.385,12 
122,.562,161 
123,.362,140 
124,.469,567 
125,.413,902 
126,.460,463 
127,.506,506 
128,.302,104 
129,.552,144 
130,.373,33 
131,.238,14 
132,.501,743 
132,.501,493 
132,.502,250 
133,.367,16 
133,.250,3 
133,.409,13 
134,.345,32 
135,.514,959 
136,.468,231 
137,.512,812 
138,.435,218 
139,.510,308 
140,.355,130 
141,.412,374 
142,.445,1070 
143,.409,152 
144,.361,101 
144,.429,15 
144,.350,86 
145,.552,53 
146,.423,135 
147,.447,938 
148,.349,152 
149,.547,139 
150,.507,728 
151,.386,61 
152,.525,912 
153,.406,72 
154,.488,39 
155,.440,350 
156,.368,139 
157,.500,0 
158,.344,44 
158,.302,32 
158,.444,12 
159,.380,118 
160,.490,151 
161,.392,141 
162,.401,267 
163,.399,335 
164,.270,18 
165,.467,299 
165,.455,269 
165,.581,30 
166,.494,1055 
167,.494,1127 
168,.455,896 
169,.468,151 
169,.482,113 
169,.429,38 
170,.367,27 
171,.502,506 
172,.426,331 
173,.604,425 
174,.399,217 
175,.393,160 
176,.447,160 
177,.437,198 
178,.421,16 
179,.411,379 
180,.566,772 
181,.401,78 
182,.352,196 
183,.436,281 
184,.443,436 
185,.377,115 
186,.416,391 
187,.574,41 
187,.571,5 
187,.575,36 
188,.430,675 
188,.434,321 
188,.427,354 
189,.386,185 
190,.502,1119 
191,.537,38 
191,.500,13 
191,.556,25 
192,.323,106 
193,.400,14 
194,.478,147 
194,.415,46 
194,.513,101 
195,.521,158 
196,.389,363 
197,.440,915 
198,.399,102 
199,.418,258 
200,.304,114 
201,.400,36 
202,.466,710 
203,.448,229 
204,.393,239 
205,.478,46 
206,.445,757 
207,.467,30 
208,.437,711 
209,.231,13 
210,.566,346 
211,.446,708 
212,.475,457 
213,.511,596 
214,.477,342 
215,.459,766 
216,.396,426 
217,.373,213 
218,.446,399 
219,.387,126 
220,.646,82 
221,.414,204 
222,.538,929 
223,.593,421 
224,.429,8 
225,.459,121 
226,.473,439 
227,.476,581 
228,.466,284 
229,.472,367 
230,.415,152 
231,.468,857 
232,.439,671 
233,.434,755 
233,.432,418 
233,.436,337 
234,.444,27 
235,.488,940 
236,.481,1005 
237,.449,152 
238,.444,169 
239,.495,47 
240,.401,332 
241,.446,239 
241,.460,122 
241,.431,117 
242,.269,11 
242,.176,4 
242,.444,7 
243,.574,473 
244,.403,59 
244,.317,21 
244,.484,26 
244,.400,12 
245,.589,353 
246,.435,688 
247,.347,54 
248,.419,119 
249,.414,432 
250,.286,17 
251,.368,26 
252,.397,124 
253,.528,262 
254,.710,530 
255,.532,94 
256,.504,367 
257,.515,549 
258,.519,883 
258,.491,541 
258,.566,342 
259,.403,80 
260,.337,175 
261,.465,482 
262,.350,7 
263,.000,5 
264,.250,4 
265,.422,567 
265,.435,491 
265,.357,76 
266,.487,151 
267,.508,358 
268,.667,12 
269,.416,139 
270,.515,369 
271,.433,316 
272,.404,73 
273,.422,510 
274,.436,721 
275,.333,69 
275,.000,3 
275,.356,66 
276,.448,419 
277,.511,311 
278,.000,1 
279,.507,350 
280,.479,630 
281,.510,133 
282,.443,244 
283,.434,788 
284,.424,478 
285,.500,394 
286,.513,977 
287,.535,436 
288,.434,560 
289,.412,652 
290,.000,1 
291,.404,75 
292,.401,165 
293,.552,212 
294,.318,22 
295,.446,221 
296,.455,55 
297,.283,20 
298,.409,22 
299,.427,434 
300,.448,307 
301,.422,192 
302,.422,424 
303,.395,434 
304,.545,44 
305,.438,359 
306,.436,226 
307,.396,284 
307,.399,272 
307,.333,12 
308,.402,66 
309,.533,163 
310,.532,79 
310,.557,61 
310,.444,18 
311,.437,440 
312,.273,9 
313,.528,34 
314,.416,322 
315,.150,17 
316,.467,601 
317,.398,381 
318,.500,256 
318,.542,134 
318,.459,122 
319,.143,6 
320,.325,16 
321,.237,20 
321,.222,11 
321,.250,9 
322,.381,154 
323,.340,148 
324,.476,714 
325,.405,311 
326,.433,30 
327,.496,853 
328,.446,101 
329,1.000,1 
330,.340,73 
331,.434,450 
332,.465,921 
333,.463,290 
334,.504,567 
335,.555,560 
335,.504,226 
335,.590,334 
336,.489,346 
337,.400,5 
337,.000,1 
337,.500,4 
338,.550,129 
339,.382,110 
340,.374,339 
340,.359,265 
340,.429,74 
341,.407,246 
341,.374,60 
341,.220,16 
341,.450,170 
342,.437,149 
343,.445,425 
344,.462,653 
345,.250,8 
346,.393,8 
346,.457,2 
346,.286,6 
347,.459,788 
348,.446,381 
349,.367,120 
350,.492,199 
351,.436,838 
352,.475,353 
353,.857,14 
354,.454,526 
355,.350,91 
356,.429,13 
357,.490,247 
358,.486,743 
359,.462,482 
360,.449,252 
361,.485,821 
362,.414,211 
362,.286,6 
362,.418,205 
363,.425,666 
364,.424,328 
365,.449,226 
365,.441,185 
365,.488,41 
366,.447,353 
367,.573,486 
368,.535,254 
368,.549,195 
368,.492,59 
369,.421,203 
369,.356,62 
369,.449,141 
370,.450,287 
371,.463,56 
371,.800,5 
371,.435,51 
372,.368,109 
373,.372,80 
373,.438,50 
373,.265,23 
373,.214,7 
374,.345,114 
375,.399,62 
375,.422,46 
375,.343,16 
376,.440,335 
376,.410,150 
376,.559,51 
376,.431,134 
377,.375,8 
378,.333,3 
379,.257,30 
379,.240,21 
379,.300,9 
380,.487,912 
381,.477,480 
382,.200,8 
383,.348,82 
384,.426,113 
385,.409,365 
385,.387,172 
385,.427,193 
386,.458,116 
387,.389,259 
388,.388,48 
388,.333,18 
388,.419,30 
389,.345,143 
389,.348,112 
389,.333,31 
390,.485,258 
390,.516,91 
390,.467,167 
391,.426,559 
391,.405,168 
391,.436,391 
392,.405,564 
393,.410,363 
394,.356,168 
395,.452,93 
396,.204,27 
397,.412,305 
398,.333,22 
399,.422,219 
400,.500,172 
401,.427,517 
402,.467,622 
403,.444,261 
404,.418,171 
405,.513,448 
406,.374,274 
406,.344,155 
406,.411,119 
407,.410,275 
407,.409,149 
407,.410,126 
408,.397,196 
408,.400,73 
408,.333,12 
408,.403,111 
409,.474,480 
410,.386,205 
410,.400,163 
410,.333,42 
411,.408,224 
412,.367,205 
413,.612,49 
414,.390,307 
414,.333,40 
414,.398,267 
415,.417,329 
415,.402,161 
415,.425,168 
416,.434,550 
417,.419,759 
417,.391,354 
417,.438,405 
418,.320,14 
418,.200,4 
418,.400,10 
419,.429,174 
420,.492,628 
421,.558,303 
422,.365,147 
423,.376,445 
424,.750,8 
425,.333,4 
426,.568,37 
427,.557,486 
427,.543,308 
427,.581,178 
428,.440,613 
429,.439,524 
430,.395,78 
431,.460,680 
432,.382,126 
433,.368,65 
434,.400,82 
435,.422,123 
436,.420,451 
436,.426,305 
436,.411,146 
437,.412,420 
437,.357,125 
437,.434,295 
438,.450,33 
439,1.000,1 
440,.413,256 
441,.470,427 
442,.463,754 
443,.547,488 
444,.406,202 
444,.416,181 
444,.325,21 
445,.410,103 
445,.351,12 
445,.423,91 
446,.438,344 
447,0.0,0 
448,.441,49 
449,.429,627 
450,.458,24 
451,.487,408 
452,.572,651 
453,.555,198 
454,.408,374 
455,.414,141 
456,.395,63 
457,.523,1200 
458,.470,982 
459,.396,700 
459,.404,256 
459,.392,444 
460,.345,36 
461,.385,701 
462,.445,949 
463,.412,31 
464,.528,193 
465,.434,242 
466,.000,1 
467,.402,179 
468,.264,48 
469,.471,666 
470,.426,1183 
471,.628,387 
472,.452,36 
473,.437,1011 
474,.421,19 
475,.387,534 
476,.447,329 
477,.378,19 
477,.462,6 
477,.333,13 
478,.404,481 
479,.424,230 
480,.397,512 
480,.403,277 
480,.390,235 
481,.385,20 
482,.403,122 
482,.425,88 
482,.317,34 
483,.500,64 
484,.351,50 
484,.387,26 
484,.308,24 
485,.642,360 
485,.748,135 
485,.571,21 
485,.580,204 
486,.379,82 
487,.403,292 
488,.353,36 
489,.366,251 
490,.466,853 
490,.451,576 
490,.495,277 
491,.461,372 
Rk,FG%,2PA 
1,.556,165 
2,.333,5 
3,.613,426 
4,.443,561 
5,.476,314 
6,.596,225 
7,.513,1029 
8,.500,10 
9,.516,370 
10,.458,427 
11,.416,370 
12,.358,53 
13,.528,58 
13,.400,5 
13,.548,53 
14,.356,22 
15,.376,92 
16,.406,92 
17,.468,258 
18,.427,571 
19,.506,904 
20,.750,3 
21,.434,997 
22,.600,10 
23,.250,5 
24,.416,360 
25,.452,372 
26,.533,195 
27,.423,182 
27,.380,60 
27,.445,122 
28,.522,22 
29,.422,180 
30,.325,35 
31,.462,260 
32,.446,451 
33,.455,263 
34,.466,419 
35,.381,323 
36,.432,658 
37,.549,315 
38,.426,474 
39,.423,206 
40,.505,382 
41,.441,420 
42,.449,528 
43,.522,196 
44,.386,338 
45,.296,13 
46,.434,284 
47,.542,287 
48,.468,110 
49,.548,104 
50,.412,67 
51,.388,89 
52,.453,363 
53,.433,411 
54,.627,278 
55,.509,23 
56,.423,578 
57,.490,347 
58,.467,545 
59,.447,612 
60,.431,71 
61,.384,328 
62,.401,284 
63,.310,56 
64,.320,17 
65,.394,201 
66,.358,646 
67,.435,153 
67,.418,125 
67,.511,28 
68,.439,45 
69,.413,378 
70,.410,255 
71,.424,41 
72,.454,830 
73,.471,55 
74,.083,5 
75,.459,252 
76,.420,591 
77,.360,237 
78,.582,396 
79,.389,152 
80,.388,174 
81,.452,500 
82,.481,348 
83,.563,337 
84,.410,295 
84,.313,21 
84,.417,274 
85,.583,313 
86,1.000,2 
87,.441,118 
88,.500,2 
89,.433,778 
90,.405,382 
91,.486,559 
92,.459,107 
93,.422,481 
94,.265,28 
95,.333,15 
96,.400,7 
96,.250,5 
96,1.000,2 
97,.451,1122 
98,.385,230 
99,.459,393 
100,.404,595 
101,.443,450 
102,.451,238 
103,.343,66 
103,.352,59 
103,.286,7 
104,.455,113 
105,.504,712 
106,.476,65 
107,.493,1028 
108,.611,337 
109,.400,5 
110,.559,177 
111,.406,37 
112,0.0,0 
113,.405,272 
114,.455,489 
115,.446,1238 
116,.527,314 
117,.532,559 
118,.352,44 
119,.411,242 
120,.477,670 
121,.521,1054 
122,.478,249 
123,.200,5 
124,.488,439 
125,.410,89 
126,.505,900 
127,.300,25 
128,.308,18 
129,.389,293 
130,.427,739 
131,.478,55 
131,0.0,0 
131,.308,5 
131,.500,50 
132,.449,148 
133,.542,32 
134,.433,229 
135,.548,228 
136,.558,624 
137,.420,55 
138,.515,807 
139,.556,68 
140,.406,469 
141,.462,539 
142,.351,232 
142,.351,164 
142,.349,68 
143,.419,181 
143,.333,43 
143,.450,138 
144,.400,3 
144,.250,3 
144,1.000,0 
145,.438,112 
145,.435,65 
145,.441,47 
146,.410,461 
147,.393,364 
148,.470,114 
149,.464,704 
150,.469,926 
151,.463,792 
152,.518,195 
153,.418,883 
154,.526,497 
155,.453,256 
156,.559,354 
157,.320,62 
158,.417,323 
159,.473,437 
160,.418,258 
161,.567,763 
162,.450,11 
163,.419,453 
164,.394,291 
165,.376,212 
166,.490,561 
167,.385,8 
167,.000,0 
167,.417,8 
168,.392,327 
169,.465,450 
170,.430,611 
170,.431,421 
170,.427,190 
171,.499,585 
172,.545,9 
173,.355,167 
173,.359,104 
173,.348,63 
174,.422,71 
175,.451,68 
176,.430,123 
177,.439,960 
178,.474,271 
179,.400,1 
180,.644,89 
181,.447,216 
182,.469,468 
183,.250,0 
184,.469,650 
184,.464,390 
184,.477,260 
185,.263,9 
186,.377,52 
187,.405,204 
188,.500,2 
189,.433,792 
190,.439,393 
191,.564,290 
192,.433,226 
193,.443,409 
194,.516,154 
194,.505,109 
194,.543,45 
195,.544,381 
196,.441,425 
197,.506,548 
198,.447,134 
199,.397,81 
200,.380,67 
200,.398,62 
200,.182,5 
201,.439,676 
202,.386,123 
202,.329,28 
202,.413,95 
203,.620,79 
203,.571,7 
203,.625,72 
204,.457,124 
205,.514,178 
206,.420,523 
207,.505,792 
208,.620,594 
209,.422,169 
210,.417,6 
211,.410,187 
211,.405,91 
211,.278,26 
211,.465,70 
212,.367,35 
213,.479,685 
214,.478,214 
215,.424,402 
215,.425,293 
215,.418,109 
216,.426,81 
217,.351,24 
218,.448,617 
219,.391,256 
220,.434,910 
221,.520,1134 
222,.485,505 
223,.409,21 
224,.458,139 
225,.444,109 
225,.414,51 
225,.467,58 
226,.368,149 
226,.371,66 
226,.366,83 
227,.413,178 
228,.585,383 
229,.371,95 
230,.475,174 
231,.439,546 
231,.406,379 
231,.518,167 
232,.265,24 
232,.294,12 
232,.235,12 
233,.375,395 
234,.486,172 
235,.404,206 
236,.512,516 
237,.429,12 
238,.408,38 
239,.452,288 
240,.359,103 
241,.703,507 
242,.439,475 
243,.465,39 
244,.410,323 
245,.576,698 
246,.405,37 
247,.529,17 
248,.369,112 
249,.541,54 
250,.456,156 
250,.381,4 
250,.462,152 
251,.415,544 
252,.435,219 
253,.532,444 
254,.451,329 
255,.556,237 
256,.442,394 
257,.513,327 
258,.452,643 
259,.393,246 
259,.387,193 
259,.418,53 
260,.454,422 
260,.458,281 
260,.445,141 
261,.531,334 
261,.453,191 
261,.636,143 
262,.423,617 
263,.506,799 
264,.448,207 
265,.481,356 
266,.419,864 
267,.412,502 
268,.536,367 
269,.571,5 
270,.511,1143 
271,.539,661 
272,.419,538 
273,.427,651 
274,.438,308 
275,.439,290 
275,.421,68 
275,.444,222 
276,.589,448 
277,.296,39 
278,.603,174 
279,.364,69 
280,.466,114 
281,.372,283 
281,.377,231 
281,.353,52 
282,.388,329 
283,.371,159 
284,.454,167 
285,.536,82 
286,.377,104 
286,.403,51 
286,.354,53 
287,.448,959 
288,.470,375 
289,.404,75 
290,.403,47 
291,.452,385 
292,.478,19 
293,.575,133 
294,.429,270 
295,.436,56 
295,.423,15 
295,.442,41 
296,.372,99 
297,.350,11 
298,.628,77 
299,.364,22 
300,.444,781 
301,.409,247 
302,.557,98 
302,.621,54 
302,.479,44 
303,.355,10 
304,.425,292 
305,.282,27 
306,.470,834 
307,.407,263 
308,.600,5 
309,.522,940 
310,.263,10 
311,.481,285 
312,.500,6 
313,.434,647 
314,.425,563 
314,.397,355 
314,.467,208 
315,.408,129 
316,.439,148 
317,.565,352 
318,.364,673 
319,.465,529 
320,.416,54 
321,.500,113 
322,.527,290 
323,.338,97 
324,.465,225 
325,.368,163 
326,.431,256 
327,.471,196 
328,.383,132 
329,.521,585 
330,.636,41 
331,.444,3 
331,.500,3 
331,.333,0 
332,.448,770 
333,.417,239 
334,.000,1 
335,.411,208 
336,.476,249 
337,.508,775 
338,.438,688 
339,.455,346 
340,.427,132 
341,.466,467 
342,.364,34 
343,.493,864 
344,.493,645 
345,.492,400 
346,.350,31 
347,.414,200 
348,.462,785 
349,.366,113 
350,.410,167 
351,.436,638 
352,.380,50 
353,.533,75 
354,.363,155 
355,.440,23 
356,.516,513 
357,.601,233 
358,.473,450 
359,.427,384 
360,.421,643 
361,.493,280 
362,.424,140 
363,.385,60 
363,.382,42 
363,.391,18 
364,.384,106 
365,.374,52 
366,.445,206 
367,.429,799 
368,.475,881 
369,.480,459 
370,.571,133 
371,.452,157 
372,.438,331 
373,.496,171 
374,.448,123 
374,.443,88 
374,.460,35 
375,.430,114 
376,.000,0 
377,.447,290 
378,.454,612 
379,.427,898 
380,.431,287 
381,.274,79 
382,.374,396 
383,.403,12 
384,.427,103 
385,.410,586 
386,.413,75 
387,.442,254 
387,.426,168 
387,.470,86 
388,.421,542 
389,.450,437 
390,.468,218 
391,.505,248 
392,.410,203 
393,.473,481 
394,.374,159 
395,.504,195 
396,.429,77 
397,.389,124 
398,.440,251 
399,.348,288 
400,.563,32 
401,.411,797 
401,.430,195 
401,.405,602 
402,.415,340 
403,.485,487 
404,.364,206 
404,.383,122 
404,.343,84 
405,.318,17 
406,.372,184 
407,.432,394 
408,.523,153 
409,.385,220 
410,.481,396 
410,.494,119 
410,.474,277 
411,.333,27 
411,1.000,1 
411,.308,26 
412,.600,5 
412,0.0,0 
412,.600,5 
413,.566,221 
414,.413,360 
415,.435,703 
416,.579,19 
417,.439,713 
418,.427,317 
419,.398,247 
420,.402,115 
421,.428,917 
422,.442,273 
423,.397,288 
424,.481,93 
424,.476,42 
424,.485,51 
425,.470,736 
426,.588,420 
427,.399,272 
427,.400,219 
427,.393,53 
428,.386,60 
429,.357,30 
430,.542,1065 
431,.411,376 
432,.456,670 
433,.498,516 
434,.434,154 
434,.435,35 
434,.434,119 
435,.565,536 
436,.427,123 
436,.421,75 
436,.438,48 
437,.326,65 
438,.305,119 
439,.382,155 
440,.421,232 
441,.510,1037 
442,.383,134 
443,.456,1139 
444,.399,466 
445,.427,841 
446,.424,1021 
447,.501,371 
448,.343,89 
449,.359,34 
449,.342,33 
449,1.000,1 
450,.382,69 
450,.393,57 
450,.333,12 
451,.545,441 
452,.454,1103 
453,.606,682 
454,.455,9 
455,.459,1104 
456,.394,43 
457,.417,24 
458,.414,493 
459,.450,415 
460,.200,6 
461,.408,373 
462,.452,369 
463,.437,200 
464,.422,346 
465,.537,160 
466,.415,42 
467,.311,93 
468,.673,52 
469,.450,67 
470,.338,48 
471,.306,10 
472,.367,123 
473,.339,135 
474,.514,933 
475,.529,427 
